7.339685329121391 -0.0033671460514602845
7.339685336595428 -0.0033671460514558106
7.3348154592538695 1098.0221500675434
7.346293965731474 749.3983983551105
7.274791910689752 4082.782377949097
6.578094301274948 14521.467891344464
4.949554486047288 25174.604329099308
2.400160643224268 35813.97114596186
-1.0729501498617893 46446.31629363152
-5.468234702096406 57075.136040652746
-10.782400446893789 67702.18838816525
-19.306835213628403 81870.30188717028
-26.774601329771915 92495.9414556501
-35.16313581749623 103121.41103313964
-44.47636119175046 113746.7999766471
-54.70861472712486 124372.15338870244
-65.85899943486713 134997.49409943013
-77.93665387541989 145622.8338014079
-90.93275140655523 156248.1785816738
-104.84924009520705 166873.53170684053
-119.69549511018114 177498.8950321835
-140.9128722433297 191666.06395415234
-157.89981688597027 202291.45498432725
-175.81223711500905 212916.85896366686
-194.6401431886699 223542.27639997957
-214.3988327048352 234167.7077648085
-235.07105215504086 244793.15351131727
-256.6601521285295 255418.614083788
-279.17829878675724 266044.0899222939
-302.61650032782813 276669.5814645437
-326.971228173519 287295.0891468172
-352.2497262098514 297920.6133950264
-378.44559060132156 308546.1546732242
-479.903844927944 322639.8709761678
-478.64331742338055 333282.1402176127
-494.9479583952668 343909.6158799317
-503.00496944913715 354553.61106530554
-519.400222133992 365189.1928150834
-578.2886133016173 375839.8651694858
-622.289974168266 386463.1498440065
-630.8702654231134 397082.04651411244
-632.0705740956721 407686.91949739435
-642.0615312080573 418301.5394706662
-657.6191356521756 428921.7594859113
-683.8658760400275 443086.1699912198
-706.2232884604218 453710.9276504328
-730.1272872860277 464336.2671653057
-755.2282489861667 474961.91166391555
-781.3651002383317 485587.7226554121
-808.4879685151099 496213.6308692969
-836.5650422399398 506839.6018438253
-865.5817650679884 517465.6185181817
-895.5431561333357 528091.6725401606
-926.4319398119783 538717.7599558245
-935.2009386368716 549235.5633767087
-980.1403673802325 559885.214004623
-1028.92864854783 570531.6792055857
-1100.1863406747575 584724.6522037672
-1137.3480266498493 595374.0061965344
-1176.6922283464773 606014.4589999215
-1217.8844116790722 616646.9071562464
-1274.022226736053 627260.5014213055
-1326.431229017777 637879.8378140772
-1377.1012429672228 648502.6965874002
-1427.1170858222254 659127.3436933979
-1477.098639487579 669752.9044125028
-1527.4782604932564 680378.9406316667
-1578.516797563524 691005.2325747211
-1630.3788801097912 701631.6699536041
-1683.1105904831275 712258.1977733541
-1736.738087876382 722884.78870385
-1809.6569883497673 737053.6525401432
-1865.4053345569107 747680.3497129481
-1922.074333966619 758307.0862794986
-1979.6579755516505 768933.8612606324
-2038.1604170850383 779560.6743749533
-2097.5809118239486 790187.5256910785
-2157.9183380298896 800814.4154525762
-2219.1806784917003 811441.3439898966
-2281.3559218756955 822068.3116762304
-2344.4482255994662 832695.3189059353
-2408.4622218058626 843322.3660847058
-2473.392879164716 853949.4536240501
-2539.2375583566636 864576.5819407483
-2606.0082945619256 875203.7514437947
-2673.687169278337 885830.9625558662
-2765.362919334151 900000.6428067532
-2835.1883688426933 910627.952608104
-2905.925102421529 921255.3053936397
-2977.5844072082023 931882.7015767385
-3050.157983095835 942510.1415711605
-3123.6466214272527 953137.6257903002
-3198.0571665934704 963765.1546468006
-3273.3782822186386 974392.7285523745
-3349.536599480607 984805.2339420397
-3426.698639317841 995518.6977402437
-3504.4047742925895 1006184.3708196364
-3583.1137786836216 1016831.4738135232
-3662.779563877879 1027468.9948377368
-3770.467334802052 1041601.5531372542
-3849.9326977044193 1051952.6209633625
-3932.944099278984 1062646.9039289183
-4016.674822182401 1073306.8614305125
-4101.225164274018 1083950.7508311642
-4186.649511451089 1094586.7152742953
-4272.970158360857 1105218.7818794223
-4360.194805891931 1115848.941253325
-4448.327381089845 1126478.176294314
-4537.374554205733 1137106.9772088816
-4627.323122593508 1147735.5878886257
-4718.190253618018 1158364.1298824595
-4840.772493260351 1172535.5127380132
-4933.767787893695 1183164.0810713554
-5027.677418435935 1193792.6908834286
-5122.500326799792 1204421.348562303
-5218.230536430191 1215050.0575078686
-5314.877558679594 1225678.8196168754
-5412.427287838393 1236307.6360362864
-5510.891074970067 1246936.5075394984
-5610.270481936407 1257565.434709457
-5710.5627268690805 1268194.4180366392
-5811.756020065455 1278823.4579625493
-5913.863086132316 1289452.5549128803
-6051.426631846635 1303624.7735777746
-6155.657041849402 1314254.0051435577
-6260.7912400801615 1324883.295061651
-6366.8425808452075 1335512.6437233912
-6473.799171085084 1346142.0515197888
-6581.661635441896 1356771.5188423183
-6690.438784658187 1367401.0460824005
-6800.119612835649 1378030.633630612
-6910.704866680219 1388660.2818762055
-7022.205790660112 1399289.9912067335
-7134.606397245843 1409919.7620080935
-7247.91301942416 1420549.5946742855
-7419.077226008438 1434697.3090722344
-7537.701567001556 1445322.436323667
-7646.870165390288 1455962.0725504444
-7756.5933119751635 1466602.5007100713
-7987.431102536624 1477263.5788665742
-8043.201918603237 1487849.2687820757
-8145.397857443587 1498495.1788412642
-8239.56055012597 1509115.9102541828
-8342.599690955854 1519740.877572469
-8451.317712458778 1530368.692219852
-8563.78672179724 1540997.9595988633
-8717.517761899702 1555171.4310419746
-8834.692001327085 1565801.965472787
-8953.046091856642 1576432.7066422806
-9072.427910518121 1587063.5861509438
-9192.779433117403 1597694.5698175237
-9314.071254068225 1608325.6406033586
-9436.299424862682 1618956.7902219645
-9559.446447999175 1629588.0147052652
-9683.502817455104 1640219.3122715957
-9775.21385526852 1650763.6825106472
-9908.8741719223 1661415.5218397959
-10044.879075026422 1672064.0745596723
-10187.055155220827 1682714.477133228
-10254.11383621616 1696959.4967540035
-10406.20468125777 1703981.5837632117
-10598.35695460304 1718169.9143806126
-10758.41413605389 1728788.6389458927
-10916.585646219739 1739408.9602851323
-11070.396112358383 1750035.0632011602
-11222.020119236764 1760664.1121858906
-11372.751644523658 1771294.677474283
-11523.440245018277 1781926.040758727
-11674.581558307198 1792557.839650344
-11826.416607869754 1803189.8941998233
-12030.131942261964 1817366.215568239
-12183.902122331621 1827998.590495808
-12338.539202834852 1838631.0591590886
-12494.050600636658 1849263.6128840875
-12650.438399231762 1859896.247470822
-12807.71499709645 1870528.9609929682
-12965.878888424475 1881161.7526620924
-13124.922221482262 1891794.622263485
-13284.855283680066 1902427.5698639397
-13445.673556559206 1913060.5956725474
-13607.37366415976 1923693.6999675662
-13769.95610422123 1934326.8830559037
-13933.426643565921 1944960.1452936912
-14097.778314900454 1955593.4870011876
-14318.289242250561 1969771.4001732077
-14484.693461481833 1980404.9286747368
-14651.987455932825 1991038.537807085
-14820.16013568832 2001672.2279135853
-14989.214352687311 2012305.999337272
-15159.152694131102 2022939.8524222907
-15329.967732045894 2033573.7875138028
-15501.660125965027 2044207.8049566844
-15674.234190531295 2054841.905094317
-15847.684889218344 2065476.0882678195
-16022.013380161774 2076110.3548157383
-16197.222121176826 2086744.7050753045
-16373.07439638533 2097345.6133324965
-16608.834075202238 2111536.106465186
-16709.5670240799 2117535.5309428
-16664.17686340638 2121700.6799984276
-16490.955795594255 2123619.2611231557
-16373.346369944456 2124834.6443225592
-16280.908779669395 2125095.8485286604
-16114.386641665014 2125074.8642899725
-17480.306375386746 2128060.1986698015
-20466.626346315927 2137472.122526143
-23371.997588827442 2147663.316583604
-26321.59632837092 2157834.6323900106
-29309.452035145183 2167846.4192998554
-32310.663026937593 2178072.6452804715
-35256.569163440894 2188123.8653641306
-38230.34579763141 2198325.686348381
-41322.14671008568 2208548.5157338413
-42441.734148478725 2213564.1668458586
-42448.68485412732 2215601.1508436683
-42458.425775483454 2216655.9565405855
-43295.856470900246 2218072.0850052526
-47314.965708492935 2225409.2902602474
-51777.70619971728 2235034.783431559
-55914.100506527386 2244456.4116849415
-60378.508279979425 2254098.125290562
-64827.58613778914 2263731.4260858
-69082.92074650875 2273243.8565710713
-73372.271679299 2282513.8290756494
-77682.83641671023 2292214.882491617
-82107.73156599086 2301672.591250706
-83362.10618874237 2305574.18795006
-83404.49626262212 2306458.1045105467
-83609.0244975867 2306555.8427973236
-83853.55299193475 2306512.8308237446
-83914.20602692268 2306434.7620099112
-84037.36943989896 2306542.5130911525
-85170.24265460875 2307212.1961692367
-91028.2013741648 2312993.202801895
-98276.05430257306 2320604.279992421
-105166.13542738267 2328024.752608555
-112348.84378298256 2335447.8923580553
-119084.51715616311 2342987.8573813937
-126234.46435498871 2350423.8342221174
-132468.3409902981 2357026.547291292
-133619.70797880655 2358184.2458856236
-133621.13295070894 2358155.344291886
-138408.24723199755 2361770.9147232287
-146145.9569618828 2368285.9483626965
-153827.4097559553 2374768.7194978823
-161609.11254899245 2381364.833686797
-169338.165436019 2387874.878743739
-175221.1854150945 2392577.805887635
-176370.95454779375 2393824.5686372435
-176385.92280221856 2393990.7089188546
-179488.01879683093 2395745.580043311
-187599.35150161764 2400899.452879104
-196043.88001918708 2406118.2619483597
-204557.66016018388 2411503.5360981505
-215963.83086642393 2418729.962595469
-224462.8565671987 2424109.530187889
-231011.43728747527 2427814.0256759645
-232625.0465758565 2428535.2820313536
-233304.5291347342 2428632.514876468
-233784.667903048 2428757.367081567
-233783.5495075677 2428837.6745848996
-233777.67938848975 2428838.54009075
-236778.78133333643 2430505.616628679
-245655.11373682186 2434418.5949897883
-254741.3380897818 2438397.608342149
-264063.5437771647 2442406.3413422974
-271113.8408170213 2445133.31941834
-272173.64093450696 2444949.594292105
-272315.01891810383 2444857.8993698615
-278608.7520490213 2446343.732747642
-288184.4256977491 2448887.8678202047
-297679.8806127187 2451427.806309967
-305037.27752760623 2453393.1488827616
-306981.19770298747 2453504.3741827635
-307892.18731201504 2453595.357560854
-314252.21846994857 2454547.84451374
-324089.1983178874 2456173.867870042
-333822.7475570126 2457760.755611566
-343520.5459663795 2459354.573274116
-352233.6734214516 2460704.050642916
-355199.9355619925 2461019.0921362387
-356517.8256030361 2461118.1013569846
-365917.23246894527 2462836.2748163203
-375662.4255131696 2464332.7729313876
-385398.64066386095 2465830.0852076123
-395128.7856828779 2467331.2866564426
-404854.9695819771 2468837.9096638253
-414578.29715102527 2470350.5020179944
-418836.5814971488 2470788.839600131
-420605.2639876227 2470935.586610291
-422488.33372803556 2471025.784387272
-431278.507067484 2471739.2541161445
-441102.9639223789 2472479.1518723886
-454182.3017631314 2473474.8440377414
-463984.2354062985 2474228.1711509177
-473782.89675357216 2474987.48482678
-483579.62703154923 2475753.1192736467
-493375.1092138249 2476525.2715700944
-503169.6982951568 2477303.968920309
-512963.57381836965 2478089.201299412
-522756.8449352801 2478880.968231628
-532549.5762031145 2479679.270906967
-542341.79689634 2480484.1166233504
-552133.542697428 2481295.514398416
-565188.5061141265 2482387.5825043274
-574979.2263268315 2483214.2944711046
-584769.5446237861 2484047.57903804
-594501.7313666331 2484828.9302884713
-604297.5049882036 2485693.1508766464
-614100.8295206892 2486567.9857558454
-623901.50560362 2487445.6394708348
-633695.7786944368 2488323.5948455776
-30059.98352496215 2488281.6998297116
-39862.165376303856 2488781.8648729674
-49651.648939116334 2489296.4307126673
-59450.19323142583 2489808.967068569
-69253.26518238318 2490323.065507121
-79057.92737709443 2490840.631076729
-88862.71788537076 2491362.9609917738
-95609.71303270129 2491668.4000915973
-97949.20789514272 2491694.7725021928
-101601.68386346538 2491882.6903389865
-111240.12042915335 2492157.9474036116
-121072.66580963886 2492435.7139027203
-130893.6934069304 2492719.5708933854
-140708.39910789017 2493009.730373162
-150513.86905834367 2493310.3231012714
-160309.65043051803 2493623.526052027
-170116.32883791535 2493934.694260613
-179931.8869260412 2494243.8464033804
-189741.799683446 2494562.559297518
-199591.39942973608 2494939.700825944
-212650.072117746 2495374.490858555
-222434.0072389046 2495698.8194591743
-232225.8302541672 2496036.940499275
-242021.81308283546 2496385.7919451958
-251819.5126673933 2496743.7434602617
-261617.72861498647 2497109.6768663996
-271415.8806031233 2497482.924538066
-281213.6752370166 2497863.0770492847
-291010.98309241835 2498249.89990564
-300807.75540088606 2498643.316351025
-310603.9596409632 2499043.299851203
-320399.59953308536 2499449.83740887
-330194.69465305516 2499862.9225061107
-343253.9760755107 2500423.8812705763
-353047.83558206324 2500852.2329704324
-362841.19772450614 2501287.1280243085
-372634.07012511697 2501728.568474247
-382426.48730041855 2502176.5567639284
-392218.454705527 2502631.095473563
-402009.9951720622 2503092.187281165
-411801.13193042256 2503559.8350314465
-421591.8782414517 2504034.0417081043
-431382.25502071076 2504514.810529124
-441172.2789877261 2505002.1444653044
-450961.9707541141 2505496.04682902
-464014.4168704546 2506164.8063906003
-473803.4062257537 2506674.0475966884
-483592.1236551947 2507189.8681687014
-493380.59111264814 2507712.2716513
-503168.8230212999 2508241.2617105762
-512956.8337661102 2508776.8420907515
-522744.6590145809 2509319.016563476
-532532.2996104852 2509867.7888659113
-542319.7823125605 2510423.162984744
-552107.1286668433 2510985.142489782
-561894.3446268879 2511553.7317077494
-574943.8171733326 2512322.1393196024
-584730.8230623706 2512906.167159569
-594517.7641909237 2513496.8187887985
-604304.6692049666 2514094.0985770463
-614091.5442918956 2514698.0109054856
-623878.4173690965 2515308.560204177
-633665.303997384 2515925.751002034
-31149.22134087016 2515669.276576649
-40951.92019632933 2515888.519897337
-50753.50895667407 2516114.3112306693
-60554.01735421174 2516346.650960235
-70353.4594733556 2516585.5392285027
-80151.85358333481 2516830.976355635
-93214.78838438286 2517168.4136072374
-102696.3185516653 2517512.6988201113
-112649.41229209538 2517717.7707953937
-122471.45794241775 2517993.2197517287
-132282.76995117823 2518274.6067708135
-142084.08481663957 2518563.9928716477
-151910.78260115648 2518877.850626062
-161688.24194018645 2519173.134806441
-171470.2290228322 2519479.1956241094
-184516.99340308318 2519900.0423252163
-194302.97512224806 2520224.3121509887
-204088.88430729613 2520555.7491527814
-213874.36620536208 2520894.0635039485
-223659.25582110728 2521239.09063326
-233443.48518454697 2521590.7434684644
-243227.02008312615 2521948.9831572217
-253009.8553185803 2522313.8022918534
-262792.00620666606 2522685.19779649
-267189.9456001572 2522779.372741213
-269275.55515188864 2522859.157856286
-270366.51081959443 2522971.382960293
-270358.13648411504 2522972.811821663
-270346.79063637805 2522973.1389984847
-273385.84794068703 2522738.474262118
-286234.5538004669 2522090.9624667894
-296026.6673041502 2521615.9178280043
-305818.1796185011 2521155.980366994
-315614.5965933537 2520709.425733531
-325436.988494162 2520229.2093055574
-335221.2964535525 2519792.8540907986
-345003.0491577498 2519361.766961015
-354774.42642319325 2518945.634051193
-364546.8427961847 2518534.7446059408
-374325.01773204585 2518125.810501916
-387367.3769181591 2517586.8318577907
-397151.2780972291 2517188.6387253157
-406936.40697579074 2516796.338416566
-416722.5416976499 2516410.287570236
-426509.57439959014 2516030.6589751164
-436297.4536553306 2515657.5220202133
-446086.17845494224 2515290.9043483045
-455875.7427277526 2514930.8150868076
-465666.1576894252 2514577.2611388857
-475457.4403789768 2514230.246621116
-485249.6056691396 2513889.7729212022
-495042.66999963694 2513555.840016098
-504836.6576374182 2513228.447449777
-517785.88538810227 2512838.0677224696
-527610.8266892048 2512503.282917533
-537422.9207164388 2512188.0589914722
-547234.2548174844 2511876.0180009543
-557049.3240528107 2511564.606144704
-566869.7336509571 2511274.6386271776
-576685.2573324632 2510992.511934852
-586494.0210570903 2510715.6843324346
-596289.8150773634 2510435.6376242163
-606085.8078910449 2510161.4307232075
-615887.1670527509 2509897.0514285094
-625691.812631601 2509641.0603830246
-22903.475714087283 2508852.5510588447
-35955.62749516773 2507985.683460464
-45745.083519807304 2507343.5780230626
-55534.72254928964 2506708.1946840356
-65324.49725159827 2506079.4747729665
-75114.41026736138 2505457.3925139653
-84904.45257778285 2504841.935004135
-94694.64322245448 2504233.093026822
-104485.00431478291 2503630.858278756
-114275.53806994196 2503035.22374461
-124066.27413260804 2502446.183931136
-133857.22909968515 2501863.734178738
-146912.19270174013 2501097.3783553224
-156703.71538076102 2500530.2892329753
-166495.52024843686 2499969.776525218
-176287.6154613441 2499415.8362021605
-186080.0265907635 2498868.464306503
-195872.77061802134 2498327.657022687
-205665.86501765015 2497793.4107098514
-215459.33597385415 2497265.721879356
-225253.1821088779 2496744.587125276
-235047.44091782477 2496230.0030569877
-244842.12603455284 2495721.966262055
-254637.2550640749 2495220.473352578
-264432.84451077244 2494725.520929843
-274228.92356153316 2494237.1058110087
-287291.1296054438 2493596.049650162
-297088.4013860627 2493122.87674642
-306886.21210794087 2492656.231491012
-316684.58716945216 2492196.1110707363
-326483.5453953513 2491742.5126540978
-336283.09995193 2491295.433438164
-346083.27569591807 2490854.8707191227
-355884.0887561732 2490420.821952449
-365685.55727752496 2489993.2847587503
-375487.70531437563 2489572.256874993
-385290.5391268896 2489157.736081929
-395094.09034017037 2488749.720127709
-408166.6322852982 2488215.8136951346
-417971.92292722315 2487822.9670996466
-427777.98534379614 2487436.6181319994
-437584.84503617056 2487056.764905606
-447392.5165611704 2486683.4056836884
-457201.0199483011 2486316.5388152883
-467010.38088074425 2485956.162664417
-476820.60801236494 2485602.2755735572
-486631.72244196886 2485254.8758857837
-496443.74946166336 2484913.962009521
-506256.69793638674 2484579.532490439
-515990.29153778875 2484241.8035631436
-525838.8578737953 2483926.0230210368
-535672.8870903369 2483614.792345967
-548773.3018412017 2483208.7259919043
-555331.917179179 2482899.5360562885
-568366.8033142159 2482670.751778769
-578158.2530027507 2482394.679207945
-587964.9487125686 2482126.9950023154
-597780.2203169881 2481866.5991863008
-607600.3434999202 2481613.2254122538
-617423.4681242201 2481366.8396923514
-627248.6705412472 2481127.224745933
-23292.403932414294 2480314.07730911
-33101.79560202821 2479680.8321932447
-42911.309740365126 2479054.1741832825
-52720.92020177616 2478434.088575816
-62530.60434360107 2477820.573033419
-75610.31426072697 2477012.764413604
-82150.23650117489 2476613.233185794
-95230.22522169896 2475822.907846044
-105040.36094037918 2475237.80318433
-114850.6523797446 2474659.241255867
-124661.11059931887 2474087.2178032845
-134471.7534681695 2473521.7287149346
-144282.6009953355 2472962.7700265534
-154093.6765613983 2472410.337853395
-163904.989141338 2471864.428320225
-173716.56610511793 2471325.03749107
-183528.42574545005 2470792.161624224
-193340.57658547437 2470265.796681536
-203153.04985107313 2469745.939206888
-216236.87128351533 2469062.912441229
-226050.15466444363 2468558.2254381687
-235824.36806001718 2468034.2044340433
-245640.48581897287 2467544.3119045957
-255461.82733577274 2467065.4180300306
-265290.99750769185 2466598.179099482
-275134.383671555 2466026.093198157
-284943.7577194765 2465599.47392655
-294762.3683179893 2465164.2193500916
-304574.2703867378 2464734.194287489
-314378.93024872604 2464312.6391006927
-324190.5725158716 2463889.9354628907
-334006.0572057847 2463469.2882672013
-343823.7636261784 2463052.612128478
-356916.161597369 2462505.1416084324
-366736.596708029 2462101.4365487704
-376557.84524333803 2461703.965405345
-386379.8409084691 2461312.8528347425
-396202.55056248547 2460928.137011273
-406025.98246181646 2460549.8400726183
-415850.14585131995 2460177.9725125474
-425675.04750042444 2459812.5414440846
-435500.71065178356 2459453.550311237
-445327.148432781 2459100.999761195
-455154.38113238843 2458754.8891787673
-464982.4306632316 2458415.217565531
-474743.4256416804 2458069.431324611
-487847.4589671249 2457636.337925803
-497688.3145295885 2457303.7399209756
-507534.3307025104 2456971.055299875
-517382.6430676918 2456656.2403132785
-527231.6655236436 2456353.2251712563
-537073.4146996536 2456054.9887567833
-546901.6157108968 2455752.891818522
-556729.6933787152 2455456.3131750613
-566562.9337442634 2455169.445499509
-576399.3129539071 2454890.7266075932
-586237.8041840754 2454619.5282183806
-596077.9103704691 2454355.3778941655
-609200.1526250135 2454013.6352047226
-619043.2833413733 2453764.956623594
-628887.6168607034 2453522.7412291663
-23810.973266826193 2452663.359212627
-33638.806083760006 2452030.6261942973
-43466.65225544372 2451404.4235130716
-53294.51799297633 2450784.742612911
-63122.431474347824 2450171.576437894
-72950.4075530844 2449564.919283319
-82778.45833623536 2448964.766154599
-92606.6128100422 2448371.1124178558
-102434.88287105033 2447783.95359479
-115539.45495958082 2447011.1705798837
-125368.07355208995 2446439.149196949
-135196.86780616807 2445873.6081764745
-145025.8616760812 2445314.5434968635
-154855.0776265839 2444761.9512621495
-164684.52577487665 2444215.827625573
-174514.23282139222 2443676.1687302096
-184344.21724000404 2443142.970702722
-194174.49125795887 2442616.2297015437
-204005.084551647 2442095.9419914186
-213836.0004350801 2441582.103996086
-223667.2729633386 2441074.7122694305
-233498.91781506373 2440573.763615517
-246608.38097085553 2439915.848844465
-253163.39127158144 2439591.182194967
-266273.98151652724 2438950.4255001503
-276107.443303657 2438477.3587415367
-285941.3854860228 2438010.7177647925
-295775.81187932176 2437550.499650893
-305581.90196427755 2437074.461004377
-315419.67276365985 2436644.1465374427
-325268.22818248486 2436205.876389014
-335111.14065988146 2435772.907338715
-344951.4987017682 2435345.8706757864
-354884.06387768633 2434868.688793274
-364614.2125501006 2434485.1829554304
-377720.5352071953 2433968.3116674107
-387556.18396860495 2433580.7993490556
-397394.7440726552 2433195.7550857966
-407235.09728351195 2432814.678357026
-417076.71940530214 2432438.6145227086
-426919.3553436612 2432068.270324073
-436762.8878037332 2431704.039554322
-446607.27517143753 2431346.083066085
-456452.4971709443 2430994.4604440313
-466298.55290407984 2430649.189552975
-476145.4629976323 2430310.2795158806
-485993.23248961807 2429977.73804903
-499124.96342453663 2429544.2641311935
-508974.81809077173 2429226.5969537296
-518825.59313545894 2428915.3052734705
-525393.3030907535 2428711.319028141
-538529.9990648897 2428311.8450418147
-548383.6573817331 2428019.6747419364
-558238.3244751366 2427733.8765281853
-568094.0144122291 2427454.44951274
-577950.7397328587 2427181.392786665
-587808.5249016727 2426914.7054908806
-597667.3943163654 2426654.38692735
-607527.3567859413 2426400.4364460413
-617388.4468078645 2426152.8537196284
-627250.6683248723 2425911.6383717046
-21067.125645668628 2425143.32894467
-34195.48917867993 2424306.76231143
-44041.74742426729 2423686.8832696513
-53888.01056785284 2423073.4667634447
-63734.29500230771 2422466.508085763
-73580.63147582668 2421866.0026949965
-83427.03759806792 2421271.9461679324
-93273.51859698193 2420684.3341257973
-103120.10685742085 2420103.1621785634
-112966.82001908055 2419528.425920366
-122813.66963536153 2418960.1209802898
-132660.68107368235 2418398.243063964
-142507.8735617762 2417842.788140865
-152355.26131904655 2417293.752230532
-165485.45947517164 2416571.6828565057
-175333.38638765548 2416037.6097928793
-185181.5774646701 2415509.943039747
-194986.2586255911 2414961.645012754
-204838.63255444463 2414450.0988056697
-214695.4311499046 2413948.914251236
-224559.6209901114 2413458.9375963304
-234435.5578801398 2412858.111458197
-244274.1656050856 2412415.404965377
-254130.65025286752 2411955.403396634
-263977.366007988 2411503.022582763
-273816.41961687687 2411058.877271076
-286945.06642433273 2410465.4315767246
-296795.3621242762 2410023.113898266
-306647.4083615497 2409585.0869466607
-316500.60178889346 2409152.3601077907
-326354.64353937306 2408725.5030138777
-336209.39159916947 2408304.788224453
-346064.7910216088 2407890.331229265
-355920.8176710563 2407482.172194713
-365777.46640261734 2407080.331569393
-375634.75417160825 2406684.8208088162
-388778.8166730585 2406167.330622725
-398637.64337681374 2405786.609548006
-408497.1627188427 2405412.228409925
-418357.3928756615 2405044.185953398
-428097.9953293493 2404731.041380242
-438016.5832828841 2404324.5921279336
-447882.33640525193 2403971.6587884864
-457755.15222506557 2403616.452128243
-467631.49407937325 2403262.7930049524
-477507.4872310885 2402923.3173731877
-487389.7126372116 2402599.113375365
-500554.8297782371 2402173.0447846344
-510410.64913099015 2401846.35858568
-520272.6910286313 2401530.285969071
-530138.9182181879 2401222.979597176
-540007.7400510716 2400923.441004572
-549878.3677378614 2400631.12366607
-559750.4071304852 2400345.617657283
-569623.6788198607 2400066.661964151
-579498.0863283513 2399794.1230953005
-589373.6129169707 2399527.941539566
-599250.2419468099 2399268.094040696
-609127.9802677722 2399014.572630247
-619006.850269302 2398767.372300086
-632180.454379808 2398447.5981022418
-24902.234314749603 2397505.896015565
-34766.38147509565 2396883.162907471
-44630.50483869426 2396266.842987604
-54494.62304615477 2395656.9312502765
-64358.76066014794 2395053.42289175
-74222.92742093449 2394456.3132930715
-84087.15156968684 2393865.597973958
-93951.45594912712 2393281.2725936817
-103678.5939182505 2392777.3586966693
-113547.14064805565 2392197.638252666
-126639.36313461645 2391341.945616091
-136554.27107565082 2390772.549727704
-146447.8009642763 2390214.760328082
-156351.87557414314 2389699.850201978
-166219.67332617342 2389169.450953953
-176089.94179544805 2388662.3395388527
-185991.27309979973 2388111.0622792053
-195672.6220135637 2387633.689048787
-205696.96535137974 2387427.0259934794
-212548.1409029543 2386791.7453994504
-214859.93213440684 2386766.529806386
-216302.7607354647 2386605.2262168727
-216943.65398176515 2386745.4314634698
-217122.96751194407 2386968.820024753
-217141.55577037542 2387225.447318665
-217147.37512808846 2387360.7091624513
-217398.89191004503 2387391.9334335783
-217395.53610745142 2387448.1473677587
-217396.80094903999 2387493.864103482
-221923.99068709268 2382925.795941956
-230077.53851415814 2376813.2371831746
-238045.74081375368 2370624.178050091
-246079.45252132264 2364451.7066653753
-254222.75178930163 2358393.5526264794
-262224.35493557696 2352313.733786685
-270378.82009373826 2346077.3927554577
-278215.64790363633 2340209.5122605124
-286406.28566275013 2333991.2265318315
-294513.6675761422 2327721.279443766
-302376.9887562823 2321888.696895245
-312923.9403776927 2313606.0003999183
-320525.2968288408 2308500.9833439374
-328622.6203456471 2302078.7780094882
-332496.4909920124 2299301.6571204835
-332993.1166572516 2299199.699060728
-332952.2468549644 2299249.661011775
-332813.5064569434 2299301.9549667407
-332750.6931591091 2299166.1422581607
-332704.39715137286 2299278.4761898424
-332688.3587357461 2299421.8779573855
-332661.80517124856 2299466.5208453853
-332476.4314335578 2299486.794561037
-332679.9569117045 2298500.6814449783
-336193.51076153497 2290559.8646097244
-340323.8129643674 2281078.853086632
-343930.52742020716 2271973.6844399027
-348039.9444396609 2262659.9755423646
-352281.57251082937 2253018.383111039
-356353.6398690913 2243502.474223285
-360459.19593815785 2233865.629495461
-363153.7868781971 2227352.6396629107
-363472.42115264846 2225602.9538689866
-363508.25587978546 2224765.5669742776
-363472.0750895386 2224780.0738278977
-363404.9673174949 2224948.647671882
-363544.96200226474 2224731.0591823105
-363914.6553504016 2224736.299852577
-363901.9451801262 2221575.502396161
-364131.9533051619 2211250.573462857
-364353.2382599257 2200591.490803472
-364619.1465305563 2189949.0521053527
-364821.3267789671 2179237.751081961
-365235.18195333565 2168885.810439519
-365337.85351366334 2158457.9451437127
-365572.04463922937 2147734.1554577523
-365667.7297431441 2137144.836185147
-365904.50695134554 2126500.265070852
-366211.54205435555 2112317.98844484
-366398.6858502433 2101674.245841196
-366614.73824233847 2091073.4486337863
-366842.3568268268 2080508.86722916
-367040.3026041571 2069890.1440093787
-367233.2880318184 2059276.7438582487
-367430.87178663636 2048659.6836463788
-367631.2975051225 2038040.8494727581
-367833.55152193323 2027421.1923685344
-368036.86374440126 2016801.1805645786
-368308.7551611874 2002640.9944370359
-368512.9643202622 1992020.8618413168
-368717.3112862231 1981400.7898713776
-368921.77258422284 1970780.8014913432
-369126.3411573042 1960160.9080053563
-369331.0003072202 1949541.1147654632
-369535.7450996236 1938921.424149425
-369740.57473247964 1928301.8370773403
-369945.4748861512 1917682.3537534727
-370150.45725145086 1907062.9740278597
-370355.5110408132 1896443.69757739
-370629.0213549689 1882284.8221842078
-370834.2384881263 1871665.7849434714
-371039.52560452087 1861046.8494001213
-371244.87557711505 1850428.015042296
-371450.2937721702 1839809.2813540031
-371655.7742498297 1829190.6478157772
-371861.3148658327 1818572.1139042862
-372066.9206781036 1807953.679092458
-372272.58196194255 1797335.3428505415
-372478.30214435386 1786717.1046477929
-372684.07687625 1776098.9639571863
-372889.9052531234 1765480.9202380925
-373095.79792661715 1754862.9729727018
-373301.7265516098 1744245.1216251946
-373576.37664090167 1730088.1347797832
-373782.42648515146 1719470.5051624519
-373988.51807972835 1708852.9696746669
-374194.6556229008 1698235.5277768604
-374400.84005710244 1687618.178930272
-374607.0631199055 1677000.922596951
-374813.3225863971 1666383.7582385633
-375019.6260568475 1655766.6853147428
-375225.9603389055 1645149.703282088
-375432.3362470147 1634532.8115944497
-375638.74455415335 1623916.0097053403
-375845.18304005585 1613299.2970634147
-376051.65514957113 1602682.673126556
-376326.9864512617 1588527.3115799616
-376533.5256880515 1577910.8924906051
-376740.0864743657 1567294.560279247
-376946.6719011975 1556678.3143932596
-377153.28245960275 1546062.1542777712
-377359.91054586996 1535446.0793770724
-377566.5599088133 1524830.0891359744
-377773.2303696008 1514214.1830003608
-377934.4938368241 1503688.7685277907
-378184.29992757534 1493042.816152338
-378410.9705138402 1482424.0398476683
-378641.455067994 1471795.6764470742
-378865.8979627361 1461173.804920014
-379144.7747562717 1446996.2037606018
-379358.07240472 1436372.0823031287
-379581.3918222806 1425764.6699840177
-379805.0275774187 1415159.0948536436
-380025.6543756218 1404548.9473930558
-380244.55016692745 1393936.5298179856
-380462.3855738128 1383323.0076174221
-380679.61183563934 1372708.967947181
-380896.5269066709 1362094.7063909178
-381113.3140792308 1351480.371274159
-381330.0460771952 1340866.0365363706
-381618.9788954087 1326713.6511159013
-381835.66261715494 1316099.4287529718
-382052.3291339224 1305485.2717411804
-382300.32989232003 1294956.1763209763
-382510.36624196934 1284322.6105740573
-382718.6630768387 1273691.915765222
-382921.55128813017 1263059.1164745376
-383129.2632727311 1252435.6834123381
-383392.14058758185 1241829.4385602614
-383599.8534537199 1231201.3223499102
-383787.1536289709 1220599.6941776003
-383977.5720912087 1209996.8645421052
-384173.54096161394 1199388.618591839
-384439.6328080097 1185240.3826347934
-384641.142810652 1174627.8908320514
-384843.42361525836 1164014.92011774
-385046.03613250086 1153401.7407035972
-385248.762832923 1142788.4878651856
-385451.5250011731 1132175.229509275
-385654.27927703894 1121561.9995787109
-385857.018074634 1110948.8148106837
-386059.7306403139 1100335.6832567507
-386262.3905585903 1089722.6086262001
-386465.0144264885 1079109.5924753956
-386667.58952707984 1068496.635293183
-386937.6059389028 1054346.1173249655
-387140.06122594746 1043733.2971107882
-387443.78386925143 1033279.9394147352
-387546.67049507715 1022584.2473510738
-387748.8601827612 1011969.7649781558
-387943.3064069186 1001350.3834024101
-388139.6427016899 990734.3909869475
-388298.662096698 980047.0189706532
-388521.9551967208 969478.3821196938
-388732.0129392291 958889.0143533595
-388938.53540363227 948288.2868854213
-389210.9776611543 934145.6241858532
-389413.9535274519 923535.7417976217
-389616.2408588003 912924.7558075293
-389818.1525423613 902313.2420239638
-390019.8544385144 891701.4890085605
-390221.42750967393 881089.6408419248
-390422.90314237046 870477.7691709523
-390624.28024700086 859865.9095075255
-390825.57159355434 849254.0793469053
-391026.7765956911 838642.2871815608
-391227.888449991 828030.536990569
-391428.92314365465 817418.8304735895
-391629.8634946075 806807.1681793527
-391897.6449586296 792658.3538136799
-392031.47965589474 785583.9758490399
-392232.15222698863 774972.4450354337
-392499.5681047556 760823.8038919223
-392700.01600207185 750212.3722530945
-392900.37333786616 739600.9821498055
-393100.62586608564 728989.6329848989
-393300.7815358905 718378.3241552337
-393500.8379027409 707767.0550542182
-393700.7891341224 697155.8250740785
-393900.6362400195 686544.6336075937
-394100.3848369307 675933.4800488587
-394300.0192422028 665322.3637927222
-394499.5432724544 654711.2842334035
-394698.9601335106 644100.240762889
-394898.26008129294 633489.2327717792
-395097.45213280944 622878.2596471207
-395362.8573248591 608730.3486648734
-395561.77561693295 598119.4545226017
-395760.57736615464 587508.5932143831
-395959.2577812813 576897.7641321513
-396157.8147679367 566286.9666666363
-396356.2519762012 555676.2002064085
-396554.5576705725 545065.464138089
-396752.74360126036 534454.7578475007
-396950.8005961555 523844.08072101494
-397148.7260234307 513233.43214651954
-397346.5222591414 502622.81151336874
-397544.18670840753 492012.21821087954
-397807.5288773592 477864.8019319409
-397939.11289716343 470791.1111482321
-398147.6252037472 456710.06825802533
-398362.2724722732 446093.8191763931
-398577.07180916436 435472.7653978155
-398794.18987725466 424845.5909161072
-399004.19442741247 414226.7409861587
-399140.78422401694 403587.3695732347
-399364.78898475086 392988.67820335145
-399593.51129129855 382396.9338919417
-399818.1299976254 371801.76876642584
-400036.8406807235 361199.2273238942
-400252.0056874101 350592.97812543594
-400464.9942075532 339984.87632354256
-400676.7491056674 329375.8536478862
-400958.10340312665 315229.8305380536
-401168.71923987794 304620.09382867074
-401379.1058433907 294010.279458603
-401589.28713921044 283400.4331037153
-401799.28361681494 272790.57733220526
-402009.1077975609 262180.72319367755
-402228.64750346943 251584.8706747556
-402446.1050372563 240985.6021305505
-402660.6973362532 230380.06732413912
-402860.17750077514 219756.4923817658
-403063.60062188277 209139.15141245612
-403393.6830599987 194953.19710559704
-403585.5653604392 184352.7553236443
-403773.60133654333 173759.35718675092
-403964.2285204442 163162.5662391507
-404160.1452533734 152559.24853283504
-404359.1116899741 141952.66419096992
-404559.81071005337 131344.45434866767
-404761.33790755214 120735.43407986934
-404963.1672367644 110126.00905791075
-405165.0106997912 99516.38255117559
-405366.75232066825 88906.65619300782
-405568.34932743286 78296.88094726038
-405769.7825675276 67687.08209591248
-406038.07381640695 53540.667224372555
-406239.07904448867 42930.85053530579
-406439.88443278725 32321.031452030475
-406640.49427598336 21711.21063294979
-406840.9017065194 11101.38810355991
-407041.10455275985 491.5635723113729
-407241.10650073056 -10118.26341456491
-407440.8977396912 -20728.093393767333
-407640.4839749362 -31337.926944566803
-407839.86425152194 -41947.76466592706
-408039.03029087104 -52557.60717605423
-408237.9801389645 -63167.45508374209
-408392.2412007594 -73584.1790699767
-408606.5126443894 -84281.96566600316
-400891.0088613167 9901529.67102463
-401098.2734604538 9890906.36311242
-401302.5017055414 9880289.76783647
-401513.7789290518 9869646.52807599
-401685.9843285366 9859071.117676277
-401862.5734631493 9848479.811667932
-402043.58406374784 9837879.114871735
-402227.13227434445 9827273.704915885
-402412.143276036 9816665.937176324
-402597.88359675824 9806056.982250027
-402783.8623982062 9795447.426407112
-403031.73892317916 9781300.89898501
-403217.45180127927 9770690.835630963
-403402.9609040821 9760080.69803002
-403588.24268753064 9749470.515053147
-403773.3032577679 9738860.30085911
-403958.1270162318 9728250.062192643
-404142.7051316351 9717639.802126948
-404327.04302263056 9707029.521887826
-404511.1375285251 9696419.221790036
-404694.97629078076 9685808.901686847
-404878.5705564855 9675198.561189406
-405061.9126537212 9664588.199846046
-405244.9989498671 9653977.817066185
-405488.7221732513 9639830.605713898
-405671.21297692216 9629220.170676569
-405853.4456135823 9618609.712237816
-406035.42430502176 9607999.229789438
-406217.1342292017 9597388.722726183
-406398.5859182739 9586778.190437231
-406579.77553682553 9576167.632322004
-406760.69352076476 9565557.047772147
-406941.34792088787 9554946.436185986
-407121.73922275845 9544335.796937061
-407301.8537503013 9533725.129458876
-407481.6965233832 9523114.433128638
-407661.2719356217 9512503.707293961
-407900.2712862764 9498356.02597743
-408019.5912426934 9491282.164820913
-408257.852838198 9477134.400653003
-408436.22600630927 9466523.540172504
-408614.3186968012 9455912.647008047
-408792.1261802615 9445301.720553711
-408969.65575772675 9434690.760207847
-409146.8912834472 9424079.765368236
-409308.01367162075 9413488.01718256
-409479.20328897703 9402884.483134411
-409661.9285657245 9392265.425773822
-409845.19465695607 9381644.89328346
-409930.1482913654 9370996.111431412
-410206.54627171723 9356859.0088088
-410403.79705721827 9346254.744788315
-410601.48534886236 9335658.814363074
-410791.366078936 9325055.319470437
-410976.52700454486 9314447.916802568
-411158.7160940282 9303838.529969765
-411339.12471435993 9293228.12555335
-411518.5176832507 9282617.191194912
-411697.2955883664 9272005.970174858
-411875.6343161935 9261394.583607715
-412053.6004441224 9250783.09166353
-412231.2139611366 9240171.524023825
-412408.49184154597 9229559.89524558
-412585.44081313285 9218948.212384677
-412811.7436439671 9204905.331281569
-412976.13971997413 9194277.510323908
-413128.2031059559 9183641.10618962
-413284.74978418404 9173015.550520157
-413496.43576891685 9162348.735518996
-413646.8653201394 9151742.266914142
-413802.32390491694 9141136.180261437
-413946.89743421297 9130542.374248965
-414097.8245174925 9119939.890075872
-414304.4294225123 9105795.956039002
-414461.5027475882 9095185.433934392
-414619.3761423671 9084573.879412424
-414777.4813319134 9073961.77981007
-414935.50916208845 9063349.3791447
-415093.30326441064 9052736.799694434
-415250.81606241874 9042124.10264257
-415408.0221333405 9031511.318588724
-415564.9069719271 9020898.462524755
-415721.465823381 9010285.541647412
-415877.6918801281 8999672.5592655
-416033.57740275166 8989059.516785411
-416189.1246574991 8978446.41457806
-416395.9835064117 8964295.518544
-416550.72990801395 8953682.27626714
-416705.12643043045 8943068.97325187
-416859.17826524505 8932455.60897643
-417012.87803741515 8921842.182923274
-417166.2246474118 8911228.694457144
-417319.2234795587 8900615.143099654
-417471.8751151598 8890001.528262226
-417624.1631354 8879387.849379942
-417776.0954673618 8868774.105893217
-417927.67634168634 8858160.297239672
-418078.89265772566 8847546.422814213
-418229.75330086955 8836932.4820963
-418380.2529568555 8826318.474535936
-418561.26292174804 8812196.71758461
-418720.19154562836 8801568.602006553
-418874.7227378495 8790947.318492372
-419026.90666126466 8780329.48503885
-419145.35058013164 8769612.773632238
-419309.12029230694 8759091.916172486
-419475.85042768397 8748503.535915878
-419636.1781991016 8737902.355768763
-419793.04426658066 8727294.448281877
-419947.63798320555 8716683.138921158
-420100.6643184812 8706070.086196722
-420252.6514487307 8695456.123434365
-420454.2687937402 8681303.445907284
-420604.9075282791 8670688.637866644
-420755.1236287017 8660073.671014419
-420904.9338005664 8649458.58616378
-421054.339224899 8638843.403474968
-421203.3466415771 8628228.132777007
-421351.95999119076 8617612.778771538
-421500.1721192748 8606997.34353613
-421647.99610760505 8596381.827847378
-421795.4181314279 8585766.231818147
-421942.44999189547 8575150.555239903
-422089.0811728227 8564534.797741283
-422283.963477511 8550380.327737572
-422429.66216548026 8539764.379585888
-422574.9544108828 8529148.348871944
-422719.8415896912 8518532.235068088
-422864.3299573399 8507916.037644539
-423008.40574885474 8497299.756071905
-423152.07557990466 8486683.389821881
-423295.3327279486 8476066.938366635
-423438.1852612645 8465450.40117803
-423580.6200252734 8454833.77772748
-423722.6450389202 8444217.067486621
-423864.2539048561 8433600.269928338
-424005.4457066478 8422983.384536998
-424146.2225620036 8412366.410759594
-424333.2691714136 8398210.307384059
-424426.5164186407 8391132.196057074
-424612.4399119231 8376975.853338607
-424729.9467821622 8366387.941883378
-424866.16126692586 8355774.533758397
-425004.15660664876 8345158.3296647025
-425154.32540906256 8334524.457138166
-425298.99361339776 8323897.91573754
-425418.6328169791 8313253.339124399
-425534.06791666936 8302638.237379813
-425691.3611873905 8292034.585810008
-425850.9745595291 8281435.354763339
-426004.1570088638 8270826.780688782
-426153.5015587041 8260213.384836728
-426300.36133034545 8249597.521025987
-426445.6301871509 8238980.369353929
-426589.87448067695 8228362.5238518305
-426781.13060226425 8214204.808104376
-426923.9454102898 8203586.254384783
-427066.2529168904 8192967.541722235
-427208.0862558925 8182348.699159444
-427349.45215892524 8171729.740999145
-427490.34095812857 8161110.67421517
-427643.0433198456 8150509.602033648
-427789.78285833215 8139897.994856528
-427922.45269028476 8129268.110592629
-428056.1480056921 8118641.026007606
-428292.09460664325 8104428.251495895
-428414.4097224254 8093820.773547977
-428537.9492740416 8083213.962909859
-428657.61497240677 8072610.644480892
-428782.86970258073 8061998.972701707
-428911.15297999873 8051382.986178763
-429041.0600784035 8040764.792258504
-429171.674352712 8030145.440672216
-429302.3989001852 8019525.455014251
-429432.8891743203 8008905.097314095
-429563.0097109034 7998284.498309333
-429692.70951383014 7987663.724032093
-429864.93505232525 7973502.472922172
-429993.56862104405 7962881.389517708
-430121.7233782938 7952260.189150863
-430249.399739442 7941638.874639547
-430376.5964400635 7931017.447168542
-430503.30348434084 7920395.907103604
-430629.524379859 7909774.2544005895
-430755.26199697296 7899152.488809316
-430880.50316575484 7888530.609975783
-431005.2565563924 7877908.617493143
-431129.52178093337 7867286.510929023
-431253.2868107208 7856664.289838128
-431376.56036004564 7846041.953789723
-431499.3361923439 7835419.502274209
-431662.25736944616 7821256.053276787
-431783.8674515808 7810633.330710659
-431904.9808009439 7800010.491215245
-432025.5867051435 7789387.534350082
-432145.6943699329 7778764.459668119
-432265.2965290441 7768141.2667233795
-432384.3915034969 7757517.955071883
-432502.9785257104 7746894.524272302
-432621.05545581284 7736270.97388596
-432738.6268349129 7725647.303476079
-432818.42662635515 7715297.68966857
-432977.4250378931 7704477.421499212
-433095.1804086357 7693857.2226044005
-433254.9102638618 7679689.1460175915
-433390.6367069642 7669107.51939924
-433469.66150398273 7658438.310802482
-433618.63848573837 7647819.970258306
-433606.0566428058 7640172.6981600365
-433783.19436431956 7637445.3181681195
-434191.50998394727 7635969.931818976
-434624.5143367751 7635635.912048983
-435070.9461553566 7635605.233208904
-435592.05679300724 7635609.050178962
-436006.40741853765 7635593.879391063
-436593.96658922796 7635585.488775798
-435025.9065852428 7632762.15786896
-430509.6557902083 7623502.984960041
-425964.9221865722 7613783.063568354
-421430.6354131726 7604616.199618808
-416825.26437534083 7595172.049105915
-412232.90169218124 7585871.168251849
-407670.8281926483 7576397.201982682
-403115.5503281168 7566894.849488216
-398600.4259069649 7557708.32376991
-394019.7811723238 7548038.5260205995
-389500.86195675895 7538517.769224906
-384963.98262228654 7529242.521084859
-380507.1407861197 7519772.313252505
-374411.2739224462 7507142.616116128
-369919.3959686106 7497694.43861676
-365406.3346379033 7488261.828551099
-360998.35142928694 7478860.507459323
-356402.41494897637 7469410.445149885
-351928.2115797284 7459889.133645606
-348695.76613616175 7453323.491606591
-348335.17325977836 7451803.736056169
-348468.1486416583 7451376.50795846
-348720.39205258974 7451248.413951948
-348960.37552812614 7451264.543882023
-348941.34067546175 7451189.1880130125
-348886.3403420315 7451233.225803455
-348952.2325438357 7451244.7968508685
-348977.61186772917 7451286.501568887
-343705.9474140868 7447933.261736507
-335490.84084885276 7441782.481650502
-327531.70338363166 7435785.558679438
-319465.5316142391 7429481.465787396
-311492.024624166 7423369.1114805
-306281.54857287725 7419374.568507959
-305089.7959949755 7418630.894403818
-304794.6601665654 7418611.428204336
-305075.98112860933 7418637.478014405
-302557.6439927223 7417248.482860174
-294674.5909999557 7412828.389765197
-283014.97664897743 7406173.671134401
-275097.18413897976 7401566.8678423
-272106.46903691336 7400121.397691466
-271230.1987266294 7400057.261535782
-270823.6104377131 7400105.696564726
-270399.5526783625 7399939.589166757
-269853.0154270138 7399539.369792463
-266396.63896627864 7398359.220359568
-256853.51465168246 7395687.763082316
-247261.888889558 7393049.363707009
-237719.35867637274 7390307.511731269
-228224.30726614728 7387659.240136889
-216470.72292954664 7384432.746996853
-213586.86960027297 7383931.6808298845
-212339.09298868125 7383921.53249169
-208625.41642248363 7383189.6078385385
-199459.5893214892 7381245.8002640335
-189843.2410696566 7379195.509397978
-180122.57244185903 7377208.340841432
-170415.6984718677 7375150.290550735
-160874.87590686436 7373204.85754304
-151072.11323287766 7371086.77781438
-144336.50876257423 7369817.70099235
-142439.26855928835 7369685.205525412
-135842.22382113003 7368519.356195379
-126145.53640708151 7366617.751482984
-113223.50977792045 7364392.509707464
-103521.350238991 7362650.721404906
-93819.31285181732 7360856.6223357795
-85819.37860384572 7359682.742274787
-83297.19751672457 7359460.012193844
-81978.98393658988 7359427.704298896
-81642.84037742054 7359407.8930072365
-75521.2861865523 7358860.592817371
-65671.67081768831 7358149.4985817745
-55828.84564743071 7357435.230390801
-45995.69972448708 7356715.656516636
-36167.464299906685 7355989.981736489
-23066.84557859263 7355012.317506011
-628284.860140809 7354904.389402495
-618440.2011199282 7354560.016765008
-608597.0572231489 7354209.259693147
-598755.296628333 7353852.119819854
-588914.8311889913 7353488.5860250015
-579075.6141849491 7353118.651447467
-569237.6107086795 7352742.313005151
-559400.801804347 7352359.570197669
-549565.1573329739 7351970.422204159
-536452.7447142028 7351441.592579705
-529897.2873696025 7351172.908731854
-516787.8424291789 7350626.986078475
-506957.01395669475 7350210.066482984
-497127.2509502906 7349786.733727176
-487298.52935635915 7349356.985934908
-477470.8273939601 7348920.8211362185
-467644.13101489 7348478.237324081
-457818.4110042409 7348029.2324939845
-447993.6592160539 7347573.804665965
-438169.85752629157 7347111.9516896615
-425072.8866634183 7346486.149463163
-415251.2112467821 7346009.295973572
-405430.41588247014 7345526.00959129
-395650.6346698281 7345067.05870205
-385829.13363594795 7344567.775759132
-375998.76311597624 7344052.9272657875
-366170.33312856307 7343532.879466721
-356348.2172977607 7343010.452927974
-346501.37131359975 7342532.441395274
-336698.3251007614 7341989.944854064
-326905.415009614 7341429.337198211
-317104.926729608 7340867.662093762
-307298.85145927547 7340303.642810625
-294220.5052290774 7339545.029707566
-284410.88757588714 7338970.022028988
-280016.4839382457 7338806.04288698
-277970.9445984801 7338708.316972186
-273675.8619756124 7338671.743960527
-263851.0530612275 7338536.3820966855
-254007.37652135102 7338398.668179843
-244173.21046740428 7338257.15440165
-234343.79990245495 7338107.870316914
-224516.733925105 7337952.93999812
-214704.53886404826 7337780.717696367
-204888.55533546314 7337605.130232958
-191787.2862587698 7337368.96865993
-181951.03931933158 7337193.894907627
-172120.0946245658 7337008.640831477
-162258.9944874821 7336757.648534227
-152442.27007797261 7336572.54592322
-142631.96389016425 7336383.6117033055
-132818.04825219218 7336185.716793049
-122997.70397958916 7335976.248282083
-113174.00968687597 7335756.072081634
-103348.47389085595 7335527.9161477
-93521.85265347778 7335292.214488496
-83694.50798907162 7335049.542890784
-70590.53734005109 7334715.497059632
-60762.01909912052 7334457.268255327
-50933.05575311191 7334192.4946431015
-41103.64979411588 7333921.175687447
-31273.797851355634 7333643.318663984
-21443.476665874827 7333358.928048364
-625784.5750686408 7333787.593275515
-615950.9345045332 7333896.170828116
-606117.9674397646 7333998.2403118005
-596285.6632646166 7334093.803668235
-586454.0004667122 7334182.862881581
-576622.9579205 7334265.41973848
-566792.5192877617 7334341.475587
-553686.1716086731 7334432.773234693
-543857.0660212474 7334493.665350764
-534028.5005174114 7334548.060710046
-524200.45122999063 7334595.960527949
-514372.9006637881 7334637.366012858
-504545.8364450208 7334672.278289403
-494719.22632139147 7334700.69834072
-484893.06251095375 7334722.626930103
-475067.3261002556 7334738.06474754
-465241.98939383833 7334747.012375556
-455417.04214911273 7334749.470412689
-445592.45248112513 7334745.439482501
-435768.21514798433 7334734.920212802
-425944.30736121075 7334717.913045733
-412846.2363408065 7334685.145298147
-406297.3961205315 7334664.436561196
-393200.06626298575 7334614.369440681
-383377.3497216627 7334569.250657273
-373554.87031253305 7334517.644654191
-363732.5848564542 7334459.551465558
-353910.49299835577 7334394.971080138
-344464.4977277048 7334338.179837691
-334468.52010760206 7334254.146442584
-324604.88790247974 7334165.320806854
-311480.89673815103 7334040.683459479
-301650.0538530989 7333939.69226525
-291781.4039692355 7333844.51532602
-281983.5166963899 7333725.1298284475
-272174.043793708 7333602.821190842
-262358.71739621746 7333473.726977028
-252540.4204529224 7333339.763949279
-242720.61801460304 7333199.939619372
-232900.03348913422 7333053.664822106
-223079.0119658102 7332901.155568555
-213257.7199368866 7332742.220114532
-203436.2336755051 7332576.78847915
-190340.65211775264 7332346.120856266
-180518.77603330702 7332165.541931559
-170696.71886599538 7331978.466484539
-160874.47035634858 7331784.887696595
-151052.02079163626 7331584.80263939
-141229.33757673003 7331378.208955836
-131406.4102223339 7331165.104676075
-121583.22226301619 7330945.487953094
-111759.74845473898 7330719.356819357
-101935.976687087 7330486.709231654
-92111.88920256066 7330247.542831686
-82287.45071567695 7330001.855263469
-72462.66285153458 7329749.644208838
-59362.351509553024 7329403.211022896
-49536.64909873658 7329135.769262747
-39710.5284451937 7328861.796053482
-29902.128308347354 7328597.302657169
-20082.178122345893 7328316.679951929
-624222.9854286682 7328805.786119982
-614378.6721941299 7328900.967692797
-604541.4160516429 7328994.482462209
-594702.0509737375 7329181.393159302
-584893.1967674848 7329222.615425856
-575060.4895689883 7329279.174566912
-565241.4902624189 7329329.698888226
-552144.601464042 7329395.01414956
-542320.5001824964 7329440.908979141
-532496.1300148874 7329482.632372308
-522671.87566005957 7329518.9375523655
-512847.9261776499 7329549.260059093
-503024.3658944698 7329573.269506107
-493201.2220233875 7329590.873949989
-483378.513523643 7329602.037807144
-473556.2148476578 7329606.728168852
-463734.3313282677 7329604.940087508
-453912.83490223525 7329596.662407183
-444234.7909809872 7329565.448309527
-434368.8946656884 7329583.567616883
-424537.25860512455 7329569.685106274
-411419.1224757976 7329556.61180073
-401590.80477391655 7329535.496084733
-391726.85407280276 7329458.954983041
-381914.46501452365 7329427.233303369
-372109.4645833174 7329394.258074743
-362302.1581606187 7329353.981536333
-352489.2645498217 7329300.667883994
-342673.6017838034 7329238.9358093245
-332856.6124412232 7329169.185863962
-323039.01746060245 7329091.910818819
-313221.1502947 7329007.48052534
-303403.1831214337 7328916.573191444
-293585.1863724668 7328819.058478975
-280494.51526853186 7328678.872797328
-270676.5182628553 7328566.129281779
-260858.50125123863 7328446.87145488
-251040.45726762916 7328321.1043431675
-241222.3748071201 7328188.830713427
-231404.2265067635 7328050.050509111
-221586.00103538152 7327904.763664341
-211767.6824074206 7327752.969301645
-201949.2387164928 7327594.666181173
-192130.6619460763 7327429.853263519
-182311.9311399884 7327258.529225342
-172493.01862487703 7327080.692607787
-162673.9173642144 7326896.341743657
-149581.45091345982 7326640.40436377
-139761.82384898013 7326440.846780686
-129941.94396641056 7326234.769077499
-120121.7827554498 7326022.16948824
-110301.32938627512 7325803.046170164
-100480.5646853626 7325577.397128112
-90659.46007475181 7325345.2201902
-80838.00692767218 7325106.513043838
-71016.1850886145 7324861.273309374
-61193.9673141646 7324609.498608625
-51371.34572868066 7324351.186532334
-41548.29171748989 7324086.3349288935
-31724.794029469656 7323814.941060673
-21900.82756267973 7323537.002480409
-622566.2468825936 7324002.083665918
-612739.4154909082 7324116.100803686
-602913.2390803617 7324223.590943202
-593087.7118316353 7324324.555819116
-583262.8100219618 7324418.997187166
-573438.509641482 7324506.916757877
-563614.7977215268 7324588.316120877
-553791.6530126977 7324663.196736055
-544077.4625521824 7324732.388582343
-534215.1506389974 7324794.280952008
-521094.5137203624 7324862.831465814
-511265.2304367211 7324909.860312418
-501317.5050987396 7324957.812632085
-491675.9098211698 7324984.204449514
-481891.0287101289 7325007.814375217
-472089.98734827555 7325022.562086013
-462280.24805259 7325031.321089162
-452466.3343523636 7325035.939305965
-442650.5320194474 7325033.810718999
-432833.93998357904 7325025.237563426
-423017.1061706455 7325010.46694224
-413200.2842676472 7324989.21784152
-403383.60078172473 7324961.487598415
-393567.1105024026 7324927.237228963
-380478.7711481286 7324871.457910318
-370662.7579584307 7324822.040452753
-360846.926235059 7324766.117805808
-351031.26326568675 7324703.689610307
-341215.7647670308 7324634.7547964575
-331400.39658695395 7324559.313393647
-321585.14905330667 7324477.365267515
-311770.0033369052 7324388.909641951
-301954.9414330216 7324293.945953606
-288868.27950538177 7324157.202774131
-282324.9804713123 7324084.491478641
-272510.04774369154 7323969.999404353
-259490.05207526122 7323872.519313078
-249668.44802718516 7323720.3130750405
-239848.11062678904 7323568.758862779
-230014.3477777563 7323400.503317209
-220189.2551345222 7323236.426641523
-210359.16968390645 7323115.594867981
-200545.63226981382 7322958.998650516
-190737.02431994426 7322763.06987536
-180941.49977192917 7322550.8217609115
-171136.64673591577 7322340.482496174
-161326.36676741633 7322128.247535885
-151513.2489246258 7321912.440858337
-141698.60707974582 7321691.262939673
-128611.07302424384 7321387.636500821
-118794.80356920803 7321152.6762005575
-108978.13032343349 7320911.251171652
-99161.10055442537 7320663.369082828
-89343.73427870056 7320408.983201131
-79526.0258787054 7320148.072362938
-69707.9626357761 7319880.628371145
-59901.746095241746 7319597.524385784
-50093.17102204856 7319308.907062772
